MATLAB归一化系数k: 5.039520677078

波长(nm)	反射率	S(D65)	phi	x	y	z	phi*x	phi*y	phi*z
380	0.027489	0.034100	0.000937	0.001400	0.000000	0.006500	0.000001	0.000000	0.000006
385	0.024216	0.036300	0.000879	0.002200	0.000100	0.010500	0.000002	0.000000	0.000009
390	0.063902	0.038200	0.002441	0.004200	0.000100	0.020100	0.000010	0.000000	0.000049
395	0.080798	0.040300	0.003256	0.007600	0.000200	0.036200	0.000025	0.000001	0.000118
400	0.106511	0.042500	0.004527	0.014300	0.000400	0.067900	0.000065	0.000002	0.000307
405	0.114109	0.044600	0.005089	0.023200	0.000600	0.110200	0.000118	0.000003	0.000561
410	0.146671	0.051800	0.007598	0.043500	0.001200	0.207400	0.000330	0.000009	0.001576
415	0.174419	0.058900	0.010273	0.077600	0.002200	0.371300	0.000797	0.000023	0.003814
420	0.192886	0.065900	0.012711	0.134400	0.004000	0.645600	0.001708	0.000051	0.008206
425	0.259869	0.071600	0.018607	0.214800	0.007300	1.039100	0.003997	0.000136	0.019334
430	0.272624	0.077400	0.021101	0.283900	0.011600	1.385600	0.005991	0.000245	0.029238
435	0.271088	0.083000	0.022500	0.328500	0.016800	1.623000	0.007391	0.000378	0.036518
440	0.323443	0.085300	0.027590	0.348300	0.023000	1.747100	0.009609	0.000635	0.048202
445	0.343844	0.087700	0.030155	0.348100	0.029800	1.782600	0.010497	0.000899	0.053755
450	0.362752	0.090000	0.032648	0.336200	0.038000	1.772100	0.010976	0.001241	0.057855
455	0.382038	0.093900	0.035873	0.318700	0.048000	1.744100	0.011433	0.001722	0.062567
460	0.407923	0.097800	0.039895	0.290800	0.060000	1.669200	0.011601	0.002394	0.066593
465	0.419106	0.101700	0.042623	0.251100	0.073900	1.528100	0.010703	0.003150	0.065132
470	0.416343	0.102700	0.042758	0.195400	0.091000	1.287600	0.008355	0.003891	0.055056
475	0.418176	0.103700	0.043365	0.142100	0.112600	1.041900	0.006162	0.004883	0.045182
480	0.417023	0.104800	0.043704	0.095600	0.139000	0.813000	0.004178	0.006075	0.035531
485	0.402091	0.105000	0.042220	0.058000	0.169300	0.616200	0.002449	0.007148	0.026016
490	0.395012	0.105200	0.041555	0.032000	0.208000	0.465200	0.001330	0.008643	0.019332
495	0.370511	0.105400	0.039052	0.014700	0.258600	0.353300	0.000574	0.010099	0.013797
500	0.359018	1.006600	0.361388	0.004900	0.323000	0.272000	0.001771	0.116728	0.098298
505	0.327754	1.007900	0.330344	0.002400	0.407300	0.212300	0.000793	0.134549	0.070132
510	0.292256	1.009300	0.294974	0.009300	0.503000	0.158200	0.002743	0.148372	0.046665
515	0.256281	1.009300	0.258664	0.029100	0.608200	0.111700	0.007527	0.157320	0.028893
520	0.224331	1.009500	0.226462	0.063300	0.710000	0.078200	0.014335	0.160788	0.017709
525	0.194472	1.009600	0.196339	0.109600	0.793200	0.057300	0.021519	0.155736	0.011250
530	0.177044	1.000000	0.177044	0.165500	0.862000	0.042200	0.029301	0.152612	0.007471
535	0.155717	0.997800	0.155374	0.225700	0.914900	0.029800	0.035068	0.142152	0.004630
540	0.118849	0.995700	0.118338	0.290400	0.954000	0.020300	0.034365	0.112895	0.002402
545	0.099818	0.992500	0.099069	0.359700	0.980300	0.013400	0.035635	0.097117	0.001328
550	0.089375	0.989200	0.088410	0.433400	0.995000	0.008700	0.038317	0.087968	0.000769
555	0.074921	0.985900	0.073864	0.512100	1.000000	0.005700	0.037826	0.073864	0.000421
560	0.057276	0.984300	0.056376	0.594500	0.995000	0.003900	0.033516	0.056094	0.000220
565	0.056770	0.982600	0.055783	0.678400	0.978600	0.002700	0.037843	0.054589	0.000151
570	0.041796	0.981000	0.041002	0.762100	0.952000	0.002100	0.031247	0.039034	0.000086
575	0.038627	0.979500	0.037835	0.842500	0.915400	0.001800	0.031876	0.034634	0.000068
580	0.034640	0.978000	0.033877	0.916300	0.870000	0.001700	0.031042	0.029473	0.000058
585	0.038162	0.976500	0.037265	0.978600	0.816300	0.001400	0.036468	0.030420	0.000052
590	0.028325	0.973200	0.027566	1.026300	0.757000	0.001100	0.028291	0.020867	0.000030
595	0.025417	0.969800	0.024649	1.056700	0.694900	0.001000	0.026047	0.017129	0.000025
600	0.037711	0.966500	0.036448	1.062200	0.631000	0.000800	0.038715	0.022999	0.000029
605	0.039781	0.962200	0.038277	1.045600	0.566800	0.000600	0.040022	0.021695	0.000023
610	0.029220	0.958000	0.027993	1.002600	0.503000	0.000300	0.028066	0.014081	0.000008
615	0.025358	0.953900	0.024189	0.938400	0.441200	0.000200	0.022699	0.010672	0.000005
620	0.038025	0.949800	0.036117	0.854400	0.381000	0.000200	0.030858	0.013760	0.000007
625	0.036854	0.945600	0.034849	0.751400	0.321000	0.000100	0.026186	0.011187	0.000003
630	0.032011	0.941500	0.030138	0.642400	0.265000	0.000000	0.019361	0.007987	0.000000
635	0.039252	0.936400	0.036755	0.541900	0.217000	0.000000	0.019918	0.007976	0.000000
640	0.039318	0.931300	0.036617	0.447900	0.175000	0.000000	0.016401	0.006408	0.000000
645	0.037505	0.926300	0.034740	0.360800	0.138200	0.000000	0.012534	0.004801	0.000000
650	0.056885	0.922900	0.052499	0.283500	0.107000	0.000000	0.014884	0.005617	0.000000
655	0.049490	0.919600	0.045511	0.218700	0.081600	0.000000	0.009953	0.003714	0.000000
660	0.037927	0.916200	0.034748	0.164900	0.061000	0.000000	0.005730	0.002120	0.000000
665	0.044241	0.912700	0.040379	0.121200	0.044600	0.000000	0.004894	0.001801	0.000000
670	0.052437	0.909300	0.047681	0.087400	0.032000	0.000000	0.004167	0.001526	0.000000
675	0.036711	0.905800	0.033253	0.063600	0.023200	0.000000	0.002115	0.000771	0.000000
680	0.050090	0.902400	0.045202	0.046800	0.017000	0.000000	0.002115	0.000768	0.000000
685	0.072750	0.897700	0.065307	0.032900	0.011900	0.000000	0.002149	0.000777	0.000000
690	0.037262	0.893100	0.033279	0.022700	0.008200	0.000000	0.000755	0.000273	0.000000
695	0.031708	0.888500	0.028172	0.015800	0.005700	0.000000	0.000445	0.000161	0.000000
700	0.038837	0.885300	0.034382	0.011400	0.004100	0.000000	0.000392	0.000141	0.000000
705	0.030749	0.882300	0.027130	0.008100	0.002900	0.000000	0.000220	0.000079	0.000000
710	0.034823	0.879200	0.030616	0.005800	0.002100	0.000000	0.000178	0.000064	0.000000
715	0.034798	0.876200	0.030490	0.004100	0.001500	0.000000	0.000125	0.000046	0.000000
720	0.046597	0.873100	0.040684	0.002900	0.001100	0.000000	0.000118	0.000045	0.000000
725	0.045451	0.870100	0.039547	0.002000	0.000800	0.000000	0.000079	0.000032	0.000000
730	0.043616	0.867000	0.037815	0.001400	0.000600	0.000000	0.000053	0.000023	0.000000
735	0.064967	0.864200	0.056144	0.001000	0.000400	0.000000	0.000056	0.000022	0.000000
740	0.081329	0.861400	0.070057	0.000700	0.000300	0.000000	0.000049	0.000021	0.000000
745	0.087204	0.858500	0.074865	0.000500	0.000200	0.000000	0.000037	0.000015	0.000000
750	0.097577	0.855800	0.083507	0.000300	0.000200	0.000000	0.000025	0.000017	0.000000
755	0.113736	0.853100	0.097028	0.000200	0.000100	0.000000	0.000019	0.000010	0.000000
760	0.140218	0.850400	0.119241	0.000200	0.000100	0.000000	0.000024	0.000012	0.000000
765	0.143674	0.848100	0.121850	0.000100	0.000100	0.000000	0.000012	0.000012	0.000000
770	0.172907	0.845800	0.146245	0.000100	0.000000	0.000000	0.000015	0.000000	0.000000
775	0.161380	0.843500	0.136124	0.000100	0.000000	0.000000	0.000014	0.000000	0.000000
780	0.195637	0.841100	0.164550	0.000000	0.000000	0.000000	0.000000	0.000000	0.000000

Sum(phi*x) = 0.927215587007
Sum(phi*y) = 2.013598049242
Sum(phi*z) = 0.939486807542

X = k * Sum(phi*x) = 5.039520677078 * 0.927215587007 = 4.672722122831
Y = k * Sum(phi*y) = 5.039520677078 * 2.013598049242 = 10.147569004479
Z = k * Sum(phi*z) = 5.039520677078 * 0.939486807542 = 4.734563192447
